40
39  
45 
10  
83  
23  
48  
67  
96  
5 
89  
56  
28  
30  
41  
46  
23  
35  
99  
32  
39  
52  
71
5  
47  
46 
78  
58  
35  
82 
39  
37  
10 
99  
28 
63 
3  
24  
44  
71 
93  
44  
31  
27  
44  
54 
1
13 
35  
90  
7  
21  
92  
74  
5  
59 
59  
94  
75  
14 
12
8  
88  
76  
46  
36  
47  
17 
2  
82  
89  
71  
38  
3
14  
70  
7  
8  
61 
50  
83  
60  
82  
83  
22  
29  
26 
70  
44  
98  
99  
37  
65  
90  
46  
9  
76  
31  
55  
87
49  
50  
15 
10  
69  
11  
50  
75  
36  
65  
22  
25
12  
94  
80  
81  
51  
51  
53  
82  
52  
29  
5  
46  
32
9 
87  
55  
27  
89  
53  
58  
48  
54  
26  
52  
41
55  
43  
27  
85  
24  
96  
24  
25 
53  
37  
68  
93  
25  
19  
22  
70  
53  
3  
85  
20  
67 
39  
54  
80  
70  
82  
76  
45  
40  
71  
20  
39  
69  
15
78  
51  
95  
61  
60  
53  
37  
73  
63  
43  
61  
30 
82  
5  
2 
70 
84  
33 
21  
79  
72  
5  
99 
29
45
67
5
89
23
40
39  
45 
10  
83  
23  
48  
67  
96  
5 
89  
56  
28  
30  
41  
46  
23  
35  
99  
32  
39  
52  
71
5  
47  
46 
78  
58  
35  
82 
39  
37  
10 
99  
28 
63 
3  
24  
44  
71 
93  
44  
31  
27  
44  
54 
1
13 
35  
90  
7  
21  
92  
74  
5  
59 
59  
94  
75  
14 
12
8  
88  
76  
46  
36  
47  
17 
2  
82  
89  
71  
38  
3
14  
70  
7  
8  
61 
50  
83  
60  
82  
83  
22  
29  
26 
70  
44  
98  
99  
37  
65  
90  
46  
9  
76  
31  
55  
87
49  
50  
15 
10  
69  
11  
50  
75  
36  
65  
22  
25
12  
94  
80  
81  
51  
51  
53  
82  
52  
29  
5  
46  
32
9 
87  
55  
27  
89  
53  
58  
48  
54  
26  
52  
41
55  
43  
27  
85  
24  
96  
24  
25 
53  
37  
68  
93  
25  
19  
22  
70  
53  
3  
85  
20  
67 
39  
54  
80  
70  
82  
76  
45  
40  
71  
20  
39  
69  
15
78  
51  
95  
61  
60  
53  
37  
73  
63  
43  
61  
30 
82  
5  
2 
70 
84  
33 
21  
79  
72  
5  
99 
29
45
67
5
89
23
40
39  
45 
10  
83  
23  
48  
67  
96  
5 
89  
56  
28  
30  
41  
46  
23  
35  
99  
32  
39  
52  
71
5  
47  
46 
78  
58  
35  
82 
39  
37  
10 
99  
28 
63 
3  
24  
44  
71 
93  
44  
31  
27  
44  
54 
1
13 
35  
90  
7  
21  
92  
74  
5  
59 
59  
94  
75  
14 
12
8  
88  
76  
46  
36  
47  
17 
2  
82  
89  
71  
38  
3
14  
70  
7  
8  
61 
50  
83  
60  
82  
83  
22  
29  
26 
70  
44  
98  
99  
37  
65  
90  
46  
9  
76  
31  
55  
87
49  
50  
15 
10  
69  
11  
50  
75  
36  
65  
22  
25
12  
94  
80  
81  
51  
51  
53  
82  
52  
29  
5  
46  
32
9 
87  
55  
27  
89  
53  
58  
48  
54  
26  
52  
41
55  
43  
27  
85  
24  
96  
24  
25 
53  
37  
68  
93  
25  
19  
22  
70  
53  
3  
85  
20  
67 
39  
54  
80  
70  
82  
76  
45  
40  
71  
20  
39  
69  
15
78  
51  
95  
61  
60  
53  
37  
73  
63  
43  
61  
30 
82  
5  
2 
70 
84  
33 
21  
79  
72  
5  
99 
29
45
67
5
89
23
40
39  
45 
10  
83  
23  
48  
67  
96  
5 
89  
56  
28  
30  
41  
46  
23  
35  
99  
32  
39  
52  
71
5  
47  
46 
78  
58  
35  
82 
39  
37  
10 
99  
28 
63 
3  
24  
44  
71 
93  
44  
31  
27  
44  
54 
1
13 
35  
90  
7  
21  
92  
74  
5  
59 
59  
94  
75  
14 
12
8  
88  
76  
46  
36  
47  
17 
2  
82  
89  
71  
38  
3
14  
70  
7  
8  
61 
50  
83  
60  
82  
83  
22  
29  
26 
70  
44  
98  
99  
37  
65  
90  
46  
9  
76  
31  
55  
87
49  
50  
15 
10  
69  
11  
50  
75  
36  
65  
22  
25
12  
94  
80  
81  
51  
51  
53  
82  
52  
29  
5  
46  
32
9 
87  
55  
27  
89  
53  
58  
48  
54  
26  
52  
41
55  
43  
27  
85  
24  
96  
24  
25 
53  
37  
68  
93  
25  
19  
22  
70  
53  
3  
85  
20  
67 
39  
54  
80  
70  
82  
76  
45  
40  
71  
20  
39  
69  
15
78  
51  
95  
61  
60  
53  
37  
73  
63  
43  
61  
30 
82  
5  
2 
70 
84  
33 
21  
79  
72  
5  
99 
29
45
67
5
89
23
40
39  
45 
10  
83  
23  
48  
67  
96  
5 
89  
56  
28  
30  
41  
46  
23  
35  
99  
32  
39  
52  
71
5  
47  
46 
78  
58  
35  
82 
39  
37  
10 
99  
28 
63 
3  
24  
44  
71 
93  
44  
31  
27  
44  
54 
1
13 
35  
90  
7  
21  
92  
74  
5  
59 
59  
94  
75  
14 
12
8  
88  
76  
46  
36  
47  
17 
2  
82  
89  
71  
38  
3
14  
70  
7  
8  
61 
50  
83  
60  
82  
83  
22  
29  
26 
70  
44  
98  
99  
37  
65  
90  
46  
9  
76  
31  
55  
87
49  
50  
15 
10  
69  
11  
50  
75  
36  
65  
22  
25
12  
94  
80  
81  
51  
51  
53  
82  
52  
29  
5  
46  
32
9 
87  
55  
27  
89  
53  
58  
48  
54  
26  
52  
41
55  
43  
27  
85  
24  
96  
24  
25 
53  
37  
68  
93  
25  
19  
22  
70  
53  
3  
85  
20  
67 
39  
54  
80  
70  
82  
76  
45  
40  
71  
20  
39  
69  
15
78  
51  
95  
61  
60  
53  
37  
73  
63  
43  
61  
30 
82  
5  
2 
70 
84  
33 
21  
79  
72  
5  
99 
29
45
67
5
89
23
40
39  
45 
10  
83  
23  
48  
67  
96  
5 
89  
56  
28  
30  
41  
46  
23  
35  
99  
32  
39  
52  
71
5  
47  
46 
78  
58  
35  
82 
39  
37  
10 
99  
28 
63 
3  
24  
44  
71 
93  
44  
31  
27  
44  
54 
1
13 
35  
90  
7  
21  
92  
74  
5  
59 
59  
94  
75  
14 
12
8  
88  
76  
46  
36  
47  
17 
2  
82  
89  
71  
38  
3
14  
70  
7  
8  
61 
50  
83  
60  
82  
83  
22  
29  
26 
70  
44  
98  
99  
37  
65  
90  
46  
9  
76  
31  
55  
87
49  
50  
15 
10  
69  
11  
50  
75  
36  
65  
22  
25
12  
94  
80  
81  
51  
51  
53  
82  
52  
29  
5  
46  
32
9 
87  
55  
27  
89  
53  
58  
48  
54  
26  
52  
41
55  
43  
27  
85  
24  
96  
24  
25 
53  
37  
68  
93  
25  
19  
22  
70  
53  
3  
85  
20  
67 
39  
54  
80  
70  
82  
76  
45  
40  
71  
20  
39  
69  
15
78  
51  
95  
61  
60  
53  
37  
73  
63  
43  
61  
30 
82  
5  
2 
70 
84  
33 
21  
79  
72  
5  
99 
29
45
67
5
89
23
40
39  
45 
10  
83  
23  
48  
67  
96  
5 
89  
56  
28  
30  
41  
46  
23  
35  
99  
32  
39  
52  
71
5  
47  
46 
78  
58  
35  
82 
39  
37  
10 
99  
28 
63 
3  
24  
44  
71 
93  
44  
31  
27  
44  
54 
1
13 
35  
90  
7  
21  
92  
74  
5  
59 
59  
94  
75  
14 
12
8  
88  
76  
46  
36  
47  
17 
2  
82  
89  
71  
38  
3
14  
70  
7  
8  
61 
50  
83  
60  
82  
83  
22  
29  
26 
70  
44  
98  
99  
37  
65  
90  
46  
9  
76  
31  
55  
87
49  
50  
15 
10  
69  
11  
50  
75  
36  
65  
22  
25
12  
94  
80  
81  
51  
51  
53  
82  
52  
29  
5  
46  
32
9 
87  
55  
27  
89  
53  
58  
48  
54  
26  
52  
41
55  
43  
27  
85  
24  
96  
24  
25 
53  
37  
68  
93  
25  
19  
22  
70  
53  
3  
85  
20  
67 
39  
54  
80  
70  
82  
76  
45  
40  
71  
20  
39  
69  
15
78  
51  
95  
61  
60  
53  
37  
73  
63  
43  
61  
30 
82  
5  
2 
70 
84  
33 
21  
79  
72  
5  
99 
29
45
67
5
89
23
40
39  
45 
10  
83  
23  
48  
67  
96  
5 
89  
56  
28  
30  
41  
46  
23  
35  
99  
32  
39  
52  
71
5  
47  
46 
78  
58  
35  
82 
39  
37  
10 
99  
28 
63 
3  
24  
44  
71 
93  
44  
31  
27  
44  
54 
1
13 
35  
90  
7  
21  
92  
74  
5  
59 
59  
94  
75  
14 
12
8  
88  
76  
46  
36  
47  
17 
2  
82  
89  
71  
38  
3
14  
70  
7  
8  
61 
50  
83  
60  
82  
83  
22  
29  
26 
70  
44  
98  
99  
37  
65  
90  
46  
9  
76  
31  
55  
87
49  
50  
15 
10  
69  
11  
50  
75  
36  
65  
22  
25
12  
94  
80  
81  
51  
51  
53  
82  
52  
29  
5  
46  
32
9 
87  
55  
27  
89  
53  
58  
48  
54  
26  
52  
41
55  
43  
27  
85  
24  
96  
24  
25 
53  
37  
68  
93  
25  
19  
22  
70  
53  
3  
85  
20  
67 
39  
54  
80  
70  
82  
76  
45  
40  
71  
20  
39  
69  
15
78  
51  
95  
61  
60  
53  
37  
73  
63  
43  
61  
30 
82  
5  
2 
70 
84  
33 
21  
79  
72  
5  
99 
29
45
67
5
89
23
40  
71  
20  
39  
69  
15
78  
51  
95  
61  
60  
53  
37  
73  
63  
43  
61  
30 
82  
5  
2 
70 
84  
33 
21  
79  
72  
5  
99 
29
45
67
5
89
23
77
